Velocidad (km/h)	 Latitud	Longitud
0.00	-42.785292	-65.074507
1.51	-42.785607	-65.074692
7.42	-42.785636	-65.074651
13.97	-42.785719	-65.074625
9.72	-42.785773	-65.074605
4.82	-42.785807	-65.074589
5.87	-42.785831	-65.074579
8.17	-42.785843	-65.074559
11.92	-42.785860	-65.074531
15.52	-42.785871	-65.074486
14.44	-42.785876	-65.074438
17.53	-42.785875	-65.074385
23.15	-42.785811	-65.074260
24.62	-42.785785	-65.074183
27.68	-42.785758	-65.074099
26.82	-42.785729	-65.074019
28.30	-42.785672	-65.073848
26.39	-42.785642	-65.073768
27.61	-42.785613	-65.073686
100.88	-42.785584	-65.073601
00.00	-42.785548	-65.073509
00.00	-42.785518	-65.073418
00.00	-42.785443	-65.073214
00.00	-42.785377	-65.073006
00.00	-42.785343	-65.072894
00.00	-42.785259	-65.072677
00.00	-42.785185	-65.072533
34.78	-42.785120	-65.072315
34.45	-42.785082	-65.072219
28.30	-42.785020	-65.072047
28.04	-42.784996	-65.071968
23.65	-42.784941	-65.071803
22.10	-42.784901	-65.071680
21.56	-42.784877	-65.071624
28.22	-42.784831	-65.071482
28.08	-42.784802	-65.071391
28.22	-42.784772	-65.071296
26.28	-42.784729	-65.071140
26.06	-42.784698	-65.071052
28.37	-42.784645	-65.070879
30.06	-42.784614	-65.070786
26.82	-42.784583	-65.070702
19.87	-42.784569	-65.070636
15.37	-42.784557	-65.070537
12.89	-42.784516	-65.070430
11.95	-42.784503	-65.070392
16.02	-42.784480	-65.070340
35.57	-42.784413	-65.070145
38.30	-42.784332	-65.069922
44.24	-42.784238	-65.069665
47.30	-42.784190	-65.069519
46.98	-42.784098	-65.069231
50.29	-42.783993	-65.068919
50.29	-42.783890	-65.068613
48.67	-42.783834	-65.068463
45.61	-42.783783	-65.068327
40.79	-42.783707	-65.068087
33.77	-42.783671	-65.067985
18.94	-42.783616	-65.067851
13.21	-42.783593	-65.067767
14.26	-42.783578	-65.067722
21.71	-42.783548	-65.067657
31.32	-42.783498	-65.067491
32.72	-42.783429	-65.067285
35.35	-42.783370	-65.067082
29.45	-42.783317	-65.066888
35.14	-42.783242	-65.066684
37.30	-42.783158	-65.066457
41.26	-42.783123	-65.066320
38.88	-42.783084	-65.066205
38.16	-42.782998	-65.065953
33.62	-42.782963	-65.065837
25.81	-42.782910	-65.065628
26.21	-42.782892	-65.065533
24.66	-42.782848	-65.065384
27.18	-42.782769	-65.065273
34.38	-42.782693	-65.065083
37.55	-42.782658	-65.064966
43.56	-42.782620	-65.064857
48.35	-42.782524	-65.064565
52.16	-42.782428	-65.064258
52.27	-42.782372	-65.064095
53.21	-42.782315	-65.063932
52.31	-42.782188	-65.063614
53.21	-42.782078	-65.063286
50.26	-42.781972	-65.062967
46.62	-42.781921	-65.062819
38.05	-42.781831	-65.062552
30.96	-42.781789	-65.062439
25.81	-42.781760	-65.062359
22.68	-42.781735	-65.062274
13.18	-42.781700	-65.062161
12.28	-42.781664	-65.062063
24.80	-42.781622	-65.061945
36.14	-42.781562	-65.061764
34.09	-42.781524	-65.061663
36.58	-42.781455	-65.061439
41.26	-42.781417	-65.061316
39.38	-42.781333	-65.061079
42.48	-42.781237	-65.060827
39.82	-42.781196	-65.060695
37.84	-42.781122	-65.060450
37.37	-42.781081	-65.060331
35.64	-42.781046	-65.060216
36.11	-42.780996	-65.060103
35.35	-42.780910	-65.059884
31.93	-42.780873	-65.059779
30.24	-42.780807	-65.059579
34.52	-42.780731	-65.059382
36.14	-42.780671	-65.059168
39.38	-42.780636	-65.059050
39.28	-42.780553	-65.058813
38.84	-42.780514	-65.058692
41.69	-42.780472	-65.058567
29.02	-42.780402	-65.058351
22.10	-42.780376	-65.058278
20.52	-42.780355	-65.058205
25.27	-42.780308	-65.058058
37.55	-42.780249	-65.057870
37.22	-42.780211	-65.057762
35.64	-42.780167	-65.057649
26.14	-42.780093	-65.057460
18.04	-42.780069	-65.057396
7.74	-42.780056	-65.057364
7.74	-42.780056	-65.057364
8.42	-42.780042	-65.057338
8.42	-42.780042	-65.057338
8.42	-42.780042	-65.057338
7.63	-42.780039	-65.057311
7.88	-42.780041	-65.057297
13.97	-42.780025	-65.057256
29.34	-42.779972	-65.057115
31.68	-42.779944	-65.057021
33.95	-42.779905	-65.056920
41.62	-42.779829	-65.056692
44.24	-42.779791	-65.056560
49.21	-42.779678	-65.056274
50.94	-42.779593	-65.055967
51.26	-42.779541	-65.055805
51.70	-42.779485	-65.055645
51.73	-42.779438	-65.055488
49.14	-42.779325	-65.055187
49.39	-42.779274	-65.055033
40.82	-42.779184	-65.054750
34.78	-42.779143	-65.054635
16.02	-42.779095	-65.054481
16.02	-42.779095	-65.054481
13.75	-42.779078	-65.054426
14.54	-42.779053	-65.054330
14.54	-42.779053	-65.054330
14.54	-42.779053	-65.054330
24.88	-42.779000	-65.054218
28.94	-42.778968	-65.054122
31.82	-42.778897	-65.053928
29.12	-42.778870	-65.053839
22.86	-42.778851	-65.053751
19.84	-42.778861	-65.053609
17.46	-42.778887	-65.053565
24.30	-42.778963	-65.053477
29.45	-42.779013	-65.053419
29.34	-42.779070	-65.053367
34.88	-42.779206	-65.053238
38.74	-42.779272	-65.053162
41.15	-42.779352	-65.053077
38.20	-42.779504	-65.052937
38.27	-42.779647	-65.052763
25.81	-42.779763	-65.052673
18.86	-42.779822	-65.052626
20.84	-42.779927	-65.052566
31.79	-42.780065	-65.052421
33.48	-42.780123	-65.052367
38.27	-42.780213	-65.052299
40.18	-42.780302	-65.052229
41.44	-42.780375	-65.052150
42.23	-42.780464	-65.052070
35.75	-42.780629	-65.051923
18.25	-42.780744	-65.051825
5.54	-42.780767	-65.051806
5.54	-42.780767	-65.051806
1.76	-42.780784	-65.051795
0.00	-42.780784	-65.051796
0.58	-42.780787	-65.051799
0.58	-42.780787	-65.051799
0.58	-42.780787	-65.051799
2.27	-42.780814	-65.051797
5.36	-42.780862	-65.051777
13.18	-42.780914	-65.051754
15.55	-42.780992	-65.051704
22.64	-42.780941	-65.051517
28.69	-42.780859	-65.051358
35.64	-42.780747	-65.051168
41.44	-42.780701	-65.051042
43.92	-42.780609	-65.050773
49.61	-42.780584	-65.050606
52.27	-42.780471	-65.050291
54.61	-42.780354	-65.049936
59.51	-42.780206	-65.049538
59.51	-42.780081	-65.049177
61.16	-42.779946	-65.048800
60.34	-42.779827	-65.048436
61.56	-42.779777	-65.048254
58.79	-42.779639	-65.047925
56.52	-42.779525	-65.047589
59.72	-42.779371	-65.047203
57.06	-42.779267	-65.046847
56.70	-42.779201	-65.046695
54.72	-42.779097	-65.046373
52.99	-42.779087	-65.046228
57.42	-42.778930	-65.045862
54.94	-42.778796	-65.045522
44.53	-42.778697	-65.045234
33.23	-42.778630	-65.045014
16.09	-42.778627	-65.044961
16.09	-42.778627	-65.044961
11.38	-42.778614	-65.044896
12.53	-42.778591	-65.044826
12.53	-42.778591	-65.044826
12.53	-42.778591	-65.044826
20.59	-42.778625	-65.044790
32.76	-42.778752	-65.044763
34.81	-42.778838	-65.044733
36.50	-42.779000	-65.044645
38.45	-42.779080	-65.044598
35.68	-42.779158	-65.044548
31.36	-42.779239	-65.044515
27.72	-42.779379	-65.044441
37.87	-42.779541	-65.044347
42.55	-42.779711	-65.044233
41.76	-42.779805	-65.044177
44.75	-42.780008	-65.044046
45.83	-42.780117	-65.043981
48.13	-42.780334	-65.043838
49.86	-42.780445	-65.043768
51.23	-42.780679	-65.043619
51.73	-42.780793	-65.043547
55.01	-42.781042	-65.043394
56.16	-42.781281	-65.043239
58.28	-42.781416	-65.043163
58.64	-42.781555	-65.043078
58.39	-42.781684	-65.043000
58.25	-42.781820	-65.042921
57.24	-42.782091	-65.042755
58.36	-42.782224	-65.042676
55.80	-42.782483	-65.042517
54.22	-42.782742	-65.042366
52.92	-42.782867	-65.042285
49.97	-42.783099	-65.042136
34.52	-42.783274	-65.042039
14.15	-42.783364	-65.041985
14.15	-42.783364	-65.041985
16.06	-42.783404	-65.041963
16.06	-42.783404	-65.041963
16.06	-42.783404	-65.041963
18.86	-42.783485	-65.041908
26.17	-42.783586	-65.041831
34.02	-42.783740	-65.041739
39.42	-42.783910	-65.041633
43.27	-42.784008	-65.041579
44.96	-42.784214	-65.041456
43.60	-42.784308	-65.041402
28.84	-42.784472	-65.041304
18.90	-42.784525	-65.041276
20.02	-42.784577	-65.041242
11.05	-42.784606	-65.041203
17.50	-42.784640	-65.041125
26.75	-42.784643	-65.041040
27.04	-42.784632	-65.040950
32.15	-42.784578	-65.040751
39.20	-42.784541	-65.040641
49.28	-42.784446	-65.040348
52.81	-42.784393	-65.040191
52.38	-42.784341	-65.040031
60.37	-42.784223	-65.039668
61.42	-42.784157	-65.039482
62.21	-42.784092	-65.039289
64.58	-42.783949	-65.038889
64.22	-42.783882	-65.038696
65.27	-42.783815	-65.038495
66.85	-42.783682	-65.038101
68.00	-42.783537	-65.037685
66.64	-42.783402	-65.037267
68.36	-42.783257	-65.036844
64.87	-42.783189	-65.036643
61.81	-42.783080	-65.036259
61.42	-42.783007	-65.036075
59.72	-42.782866	-65.035730
60.23	-42.782696	-65.035344
49.79	-42.782609	-65.035099
47.30	-42.782492	-65.034814
29.99	-42.782460	-65.034656
12.17	-42.782495	-65.034624
12.17	-42.782495	-65.034624
3.02	-42.782480	-65.034579
0.86	-42.782495	-65.034582
0.00	-42.782516	-65.034598
1.37	-42.782540	-65.034607
1.37	-42.782540	-65.034607
1.37	-42.782540	-65.034607
0.00	-42.782541	-65.034626
0.00	-42.782543	-65.034629
0.00	-42.782538	-65.034620
0.00	-42.782534	-65.034617
0.00	-42.782531	-65.034618
0.00	-42.782537	-65.034623
0.00	-42.782533	-65.034625
0.00	-42.782532	-65.034623
0.00	-42.782530	-65.034620
0.00	-42.782531	-65.034620
0.00	-42.782531	-65.034620
0.00	-42.782531	-65.034620
0.00	-42.782531	-65.034620
0.00	-42.782531	-65.034620
0.00	-42.782531	-65.034620
0.00	-42.782531	-65.034619
0.00	-42.782530	-65.034618
0.00	-42.782530	-65.034618
0.00	-42.782530	-65.034618
0.00	-42.782530	-65.034618
0.00	-42.782530	-65.034618
0.00	-42.782530	-65.034619
0.00	-42.782530	-65.034619
0.00	-42.782530	-65.034619
0.00	-42.782530	-65.034618
0.00	-42.782530	-65.034618
0.00	-42.782529	-65.034618
0.00	-42.782529	-65.034618
0.00	-42.782529	-65.034618
0.00	-42.782529	-65.034618
0.00	-42.782529	-65.034618
0.00	-42.782529	-65.034618
18.97	-42.782530	-65.034548
13.00	-42.782536	-65.034458
11.70	-42.782530	-65.034420
15.26	-42.782551	-65.034356
14.40	-42.782595	-65.034276
20.09	-42.782667	-65.034206
28.15	-42.782808	-65.034214
37.33	-42.783075	-65.034106
48.17	-42.783389	-65.033869
52.52	-42.783560	-65.033779
48.71	-42.783773	-65.033706
49.14	-42.784029	-65.033552
63.22	-42.784249	-65.033417
47.41	-42.784357	-65.033267
43.81	-42.784420	-65.033226
45.04	-42.784625	-65.033078
49.54	-42.784776	-65.032938
34.49	-42.784775	-65.032961
40.25	-42.784932	-65.032840
36.54	-42.784970	-65.032803
35.35	-42.785122	-65.032768
31.57	-42.785147	-65.032741
28.80	-42.785283	-65.032671
31.61	-42.785397	-65.032645
33.19	-42.785500	-65.032598
29.92	-42.785599	-65.032472
31.72	-42.785765	-65.032351
33.59	-42.785881	-65.032332
8.50	-42.785731	-65.032410
8.50	-42.785731	-65.032410
15.08	-42.785783	-65.032398
15.08	-42.785783	-65.032398
15.08	-42.785783	-65.032398
10.62	-42.785759	-65.032451
2.45	-42.785651	-65.032523
3.67	-42.785684	-65.032492
2.84	-42.785675	-65.032531
4.68	-42.785596	-65.032591
2.38	-42.785582	-65.032588
4.00	-42.785535	-65.032607
2.38	-42.785524	-65.032608
0.00	-42.785495	-65.032608
0.00	-42.785500	-65.032611
0.00	-42.785486	-65.032610
0.00	-42.785486	-65.032613
0.00	-42.785482	-65.032613
0.00	-42.785482	-65.032611
0.00	-42.785481	-65.032611
0.00	-42.785474	-65.032609
0.00	-42.785472	-65.032608
0.00	-42.785472	-65.032607
0.00	-42.785474	-65.032607
0.00	-42.785475	-65.032606
0.00	-42.785476	-65.032606
0.00	-42.785477	-65.032604
0.00	-42.785477	-65.032604
0.00	-42.785477	-65.032603
0.00	-42.785477	-65.032603
0.00	-42.785477	-65.032603
0.00	-42.785477	-65.032603
0.00	-42.785477	-65.032603
0.00	-42.785477	-65.032603
0.00	-42.785477	-65.032603
0.00	-42.785477	-65.032603
0.00	-42.785477	-65.032603
0.00	-42.785477	-65.032603
15.41	-42.785508	-65.032567
18.72	-42.785613	-65.032428
23.08	-42.785625	-65.032259
44.17	-42.785534	-65.032025
44.64	-42.785443	-65.031759
43.63	-42.785416	-65.031615
37.76	-42.785338	-65.031351
29.05	-42.785305	-65.031251
21.82	-42.785287	-65.031177
26.64	-42.785260	-65.031095
36.36	-42.785194	-65.030905
41.00	-42.785141	-65.030777
47.02	-42.785041	-65.030499
49.61	-42.784995	-65.030352
56.48	-42.784877	-65.029992
58.64	-42.784811	-65.029815
59.04	-42.784683	-65.029445
56.05	-42.784629	-65.029273
54.65	-42.784504	-65.028931
48.17	-42.784411	-65.028617
39.89	-42.784379	-65.028491
39.10	-42.784333	-65.028366
38.95	-42.784299	-65.028251
35.39	-42.784207	-65.028016
34.99	-42.784167	-65.027913
37.51	-42.784091	-65.027679
33.73	-42.784051	-65.027578
24.84	-42.783996	-65.027422
21.24	-42.783978	-65.027359
21.35	-42.783949	-65.027282
14.33	-42.783927	-65.027248
2.92	-42.783931	-65.027262
2.92	-42.783931	-65.027262
4.14	-42.783929	-65.027245
4.14	-42.783929	-65.027245
4.14	-42.783929	-65.027245
4.28	-42.783922	-65.027233
5.76	-42.783907	-65.027173
6.95	-42.783897	-65.027156
6.34	-42.783897	-65.027141
8.89	-42.783888	-65.027117
15.01	-42.783853	-65.027025
22.93	-42.783780	-65.026823
24.62	-42.783748	-65.026753
24.91	-42.783708	-65.026606
28.48	-42.783646	-65.026404
31.97	-42.783547	-65.026204
30.06	-42.783493	-65.026017
28.69	-42.783439	-65.025818
29.95	-42.783346	-65.025584
27.97	-42.783335	-65.025513
28.73	-42.783300	-65.025433
32.15	-42.783231	-65.025220
33.91	-42.783191	-65.025110
37.84	-42.783142	-65.024959
31.82	-42.783073	-65.024749
33.52	-42.783014	-65.024653
31.61	-42.782955	-65.024448
32.29	-42.782923	-65.024354
32.65	-42.782861	-65.024130
29.66	-42.782807	-65.023974
28.01	-42.782785	-65.023904
28.94	-42.782766	-65.023816
22.43	-42.782708	-65.023676
21.49	-42.782677	-65.023514
16.27	-42.782662	-65.023468
15.55	-42.782645	-65.023409
9.11	-42.782622	-65.023319
1.98	-42.782630	-65.023324
3.28	-42.782638	-65.023323
1.33	-42.782656	-65.023331
2.16	-42.782634	-65.023311
0.76	-42.782641	-65.023287
0.68	-42.782634	-65.023293
0.54	-42.782618	-65.023305
0.00	-42.782616	-65.023307
2.52	-42.782615	-65.023329
2.70	-42.782615	-65.023347
0.83	-42.782619	-65.023375
0.90	-42.782627	-65.023376
1.26	-42.782637	-65.023372
0.00	-42.782660	-65.023335
0.00	-42.782667	-65.023322
0.00	-42.782668	-65.023321
0.00	-42.782667	-65.023317
0.00	-42.782670	-65.023309
0.00	-42.782669	-65.023312
0.00	-42.782663	-65.023319
0.00	-42.782661	-65.023322
0.00	-42.782660	-65.023322
0.00	-42.782659	-65.023324
0.00	-42.782657	-65.023326
0.00	-42.782656	-65.023327
0.00	-42.782656	-65.023326
0.00	-42.782656	-65.023326
0.00	-42.782656	-65.023325
0.00	-42.782655	-65.023325
0.00	-42.782654	-65.023325
0.00	-42.782654	-65.023324
0.00	-42.782654	-65.023324
0.00	-42.782654	-65.023324
0.00	-42.782654	-65.023324
0.00	-42.782654	-65.023324
19.51	-42.782628	-65.023247
18.22	-42.782596	-65.023134
17.17	-42.782590	-65.023078
26.57	-42.782683	-65.022983
29.27	-42.782815	-65.022882
37.55	-42.782929	-65.022822
38.12	-42.783020	-65.022762
40.07	-42.783134	-65.022691
29.30	-42.783272	-65.022598
34.63	-42.783413	-65.022507
36.18	-42.783577	-65.022399
43.38	-42.783687	-65.022332
43.52	-42.783783	-65.022264
47.23	-42.783987	-65.022125
48.82	-42.784092	-65.022061
44.86	-42.784287	-65.021932
40.32	-42.784492	-65.021803
40.68	-42.784584	-65.021746
35.93	-42.784744	-65.021637
33.16	-42.784901	-65.021528
31.36	-42.784995	-65.021430
33.62	-42.785187	-65.021341
30.46	-42.785339	-65.021272
24.84	-42.785477	-65.021198
23.22	-42.785529	-65.021158
21.46	-42.785571	-65.021132
15.66	-42.785579	-65.021100
13.93	-42.785609	-65.021085
9.32	-42.785653	-65.021056
7.78	-42.785680	-65.021067
2.99	-42.785639	-65.021060
2.70	-42.785654	-65.021044
4.90	-42.785677	-65.021052
6.95	-42.785706	-65.021030
13.72	-42.785776	-65.020992
19.40	-42.785863	-65.020918
23.22	-42.785883	-65.020858
23.90	-42.785863	-65.020704
30.82	-42.785837	-65.020597
29.23	-42.785795	-65.020424
31.10	-42.785761	-65.020317
31.39	-42.785692	-65.020117
31.72	-42.785668	-65.020022
32.04	-42.785645	-65.019927
39.82	-42.785567	-65.019668
38.77	-42.785523	-65.019554
37.66	-42.785452	-65.019324
36.76	-42.785360	-65.019087
31.57	-42.785318	-65.018985
11.23	-42.785267	-65.018855
11.23	-42.785267	-65.018855
4.68	-42.785405	-65.018525
5.00	-42.785425	-65.018507
5.00	-42.785425	-65.018507
5.00	-42.785425	-65.018507
4.50	-42.785436	-65.018501
4.61	-42.785461	-65.018482
5.40	-42.785472	-65.018473
4.03	-42.785493	-65.018459
5.04	-42.785503	-65.018452
4.86	-42.785516	-65.018445
5.44	-42.785528	-65.018437
5.29	-42.785551	-65.018420
5.40	-42.785563	-65.018413
4.75	-42.785575	-65.018406
4.82	-42.785586	-65.018398
4.39	-42.785605	-65.018380
5.26	-42.785627	-65.018365
5.47	-42.785640	-65.018357
5.87	-42.785668	-65.018341
5.44	-42.785682	-65.018333
4.90	-42.785706	-65.018318
5.08	-42.785718	-65.018311
5.47	-42.785742	-65.018295
5.44	-42.785767	-65.018278
5.15	-42.785792	-65.018264
4.93	-42.785804	-65.018258
5.18	-42.785829	-65.018247
4.97	-42.785856	-65.018242
5.69	-42.785870	-65.018238
5.69	-42.785885	-65.018232
5.54	-42.785912	-65.018213
5.58	-42.785940	-65.018197
5.51	-42.785954	-65.018189
5.83	-42.785980	-65.018171
5.54	-42.785992	-65.018160
5.36	-42.786003	-65.018151
5.29	-42.786024	-65.018131
5.33	-42.786035	-65.018121
5.15	-42.786046	-65.018112
5.33	-42.786056	-65.018104
5.36	-42.786078	-65.018087
5.47	-42.786102	-65.018071
5.36	-42.786126	-65.018053
5.47	-42.786152	-65.018037
5.40	-42.786165	-65.018030
5.40	-42.786190	-65.018017
5.58	-42.786202	-65.018009
5.47	-42.786226	-65.017992
5.36	-42.786238	-65.017983

