Velocidad (km/h)	 Latitud	Longitud
1.69	-42.774316	-65.053099
0.00	-42.774313	-65.053092
0.00	-42.774309	-65.053094
0.00	-42.774308	-65.053093
8.10	-42.774305	-65.053090
21.50	-42.774302	-65.053090
4.29	-42.774304	-65.053094
0.68	-42.774308	-65.053093
0.00	-42.774335	-65.053018
0.38	-42.774357	-65.052962
0.66	-42.774432	-65.052805
0.14	-42.774466	-65.052743
0.46	-42.774481	-65.052699
0.00	-42.774487	-65.052705
0.96	-42.774500	-65.052679
0.42	-42.774524	-65.052631
1.61	-42.774612	-65.052445
0.29	-42.774681	-65.052317
0.15	-42.774835	-65.052001
0.44	-42.774928	-65.051813
1.44	-42.775111	-65.051456
0.92	-42.775194	-65.051282
0.13	-42.775276	-65.051127
0.17	-42.775356	-65.050976
0.00	-42.775503	-65.050697
0.60	-42.775641	-65.050422
0.81	-42.775752	-65.050201
0.09	-42.775787	-65.050132
0.01    -42.775826	-65.050043
0.90	-42.775828	-65.050042
0.00	-42.775835	-65.050039
0.00	-42.775836	-65.050040
0.00	-42.775837	-65.050038
0.00	-42.775838	-65.050036
0.00	-42.775837	-65.050036
0.00	-42.775835	-65.050035
0.00	-42.775835	-65.050034
0.00	-42.775834	-65.050034
0.00	-42.775834	-65.050033
0.00	-42.775834	-65.050033
0.00	-42.775834	-65.050033
0.00	-42.775834	-65.050033
0.00	-42.775834	-65.050033
0.00	-42.775834	-65.050033
0.00	-42.775834	-65.050033
0.00	-42.775834	-65.050033
0.00	-42.775834	-65.050033
0.00	-42.775834	-65.050033
0.00	-42.775834	-65.050033
0.00	-42.775834	-65.050033
0.00	-42.775834	-65.050033
0.00	-42.775834	-65.050033
7.56	-42.775850	-65.050008
15.01	-42.775898	-65.049923
16.24	-42.775949	-65.049849
28.98	-42.776063	-65.049754
29.52	-42.776129	-65.049705
19.66	-42.776224	-65.049642
24.30	-42.776281	-65.049606
31.07	-42.776351	-65.049553
38.45	-42.776516	-65.049454
42.55	-42.776611	-65.049394
42.62	-42.776709	-65.049333
38.74	-42.776892	-65.049220
34.42	-42.776975	-65.049166
20.52	-42.777098	-65.049103
25.06	-42.777198	-65.049138
31.90	-42.777250	-65.049204
36.61	-42.777322	-65.049408
38.05	-42.777366	-65.049523
36.83	-42.777451	-65.049758
35.46	-42.777489	-65.049869
34.67	-42.777526	-65.049976
35.75	-42.777604	-65.050202
38.12	-42.777683	-65.050424
43.74	-42.777773	-65.050680
45.11	-42.777821	-65.050816
46.58	-42.777869	-65.050958
49.64	-42.777972	-65.051267
49.46	-42.778071	-65.051570
46.76	-42.778121	-65.051720
31.03	-42.778201	-65.051952
15.98	-42.778249	-65.052084
18.61	-42.778269	-65.052137
29.84	-42.778323	-65.052289
35.14	-42.778393	-65.052485
38.30	-42.778431	-65.052599
39.49	-42.778508	-65.052852
37.44	-42.778540	-65.052974
27.50	-42.778567	-65.053170
32.15	-42.778587	-65.053363
31.68	-42.778614	-65.053464
26.96	-42.778659	-65.053535
32.76	-42.778795	-65.053549
34.20	-42.778876	-65.053510
41.40	-42.779041	-65.053376
48.13	-42.779230	-65.053199
51.84	-42.779334	-65.053101
53.68	-42.779555	-65.052893
44.75	-42.779653	-65.052801
37.26	-42.779816	-65.052647
39.60	-42.779892	-65.052578
45.54	-42.780072	-65.052410
48.78	-42.780274	-65.052221
47.16	-42.780466	-65.052038
45.79	-42.780556	-65.051954
42.52	-42.780651	-65.051868
31.82	-42.780726	-65.051807
28.15	-42.780791	-65.051762
32.90	-42.780921	-65.051654
38.74	-42.781059	-65.051496
42.34	-42.781147	-65.051406
46.62	-42.781329	-65.051235
47.09	-42.781419	-65.051151
47.52	-42.781518	-65.051059
49.14	-42.781716	-65.050874
53.53	-42.781930	-65.050675
54.47	-42.782042	-65.050572
54.83	-42.782162	-65.050461
49.25	-42.782370	-65.050266
52.02	-42.782569	-65.050073
54.07	-42.782678	-65.049967
55.44	-42.782904	-65.049752
52.85	-42.783023	-65.049643
53.17	-42.783233	-65.049447
54.25	-42.783350	-65.049338
55.51	-42.783578	-65.049124
54.14	-42.783798	-65.048919
51.77	-42.783915	-65.048813
38.81	-42.784094	-65.048647
41.40	-42.784250	-65.048500
43.99	-42.784433	-65.048328
44.57	-42.784613	-65.048154
43.85	-42.784793	-65.047984
44.14	-42.784884	-65.047899
44.35	-42.785068	-65.047731
44.39	-42.785152	-65.047650
43.81	-42.785240	-65.047559
44.46	-42.785333	-65.047464
45.29	-42.785516	-65.047285
39.35	-42.785684	-65.047125
37.48	-42.785767	-65.047045
35.24	-42.785912	-65.046911
31.86	-42.785985	-65.046844
28.80	-42.786043	-65.046791
25.81	-42.786161	-65.046692
30.53	-42.786281	-65.046593
37.37	-42.786420	-65.046472
43.78	-42.786582	-65.046304
45.36	-42.786776	-65.046124
44.78	-42.786963	-65.045951
44.86	-42.787056	-65.045865
45.29	-42.787240	-65.045690
46.01	-42.787427	-65.045510
46.58	-42.787521	-65.045418
47.16	-42.787611	-65.045332
47.63	-42.787714	-65.045235
45.86	-42.787904	-65.045059
45.50	-42.788093	-65.044888
44.89	-42.788193	-65.044797
41.44	-42.788365	-65.044639
35.71	-42.788449	-65.044563
31.10	-42.788581	-65.044441
28.15	-42.788703	-65.044328
26.53	-42.788763	-65.044274
24.01	-42.788864	-65.044183
23.22	-42.788961	-65.044094
24.77	-42.789064	-65.043998
25.27	-42.789111	-65.043953
24.84	-42.789219	-65.043853
22.68	-42.789316	-65.043763
22.14	-42.789360	-65.043717
26.78	-42.789463	-65.043612
23.90	-42.789508	-65.043566
23.15	-42.789606	-65.043470
22.07	-42.789650	-65.043430
26.50	-42.789749	-65.043341
30.06	-42.789808	-65.043284
34.06	-42.789879	-65.043217
39.92	-42.790031	-65.043077
43.16	-42.790125	-65.042995
46.94	-42.790311	-65.042834
47.70	-42.790509	-65.042655
48.96	-42.790615	-65.042557
48.06	-42.790709	-65.042470
47.38	-42.790912	-65.042281
47.81	-42.791110	-65.042101
47.12	-42.791306	-65.041935
49.68	-42.791501	-65.041743
50.04	-42.791602	-65.041641
49.21	-42.791708	-65.041541
50.18	-42.791930	-65.041398
48.67	-42.792043	-65.041370
48.82	-42.792156	-65.041364
50.90	-42.792405	-65.041400
51.80	-42.792531	-65.041432
53.35	-42.792791	-65.041507
53.93	-42.793053	-65.041595
53.46	-42.793317	-65.041700
53.35	-42.793436	-65.041751
52.45	-42.793694	-65.041877
51.52	-42.793924	-65.042034
50.18	-42.794123	-65.042234
44.53	-42.794308	-65.042438
43.85	-42.794408	-65.042526
46.80	-42.794608	-65.042650
51.19	-42.794841	-65.042759
55.12	-42.795104	-65.042864
58.00	-42.795376	-65.042975
58.86	-42.795517	-65.043031
57.85	-42.795647	-65.043081
56.16	-42.795793	-65.043137
56.63	-42.796052	-65.043238
57.31	-42.796326	-65.043344
57.02	-42.796472	-65.043400
56.38	-42.796735	-65.043504
56.88	-42.796879	-65.043560
57.06	-42.797009	-65.043607
57.92	-42.797149	-65.043656
58.57	-42.797429	-65.043758
58.75	-42.797579	-65.043815
59.29	-42.797856	-65.043918
59.76	-42.798007	-65.043972
60.55	-42.798289	-65.044074
61.02	-42.798583	-65.044177
61.20	-42.798741	-65.044235
61.74	-42.799028	-65.044339
62.10	-42.799188	-65.044397
62.96	-42.799479	-65.044508
63.32	-42.799784	-65.044622
62.78	-42.799936	-65.044679
62.64	-42.800096	-65.044739
62.24	-42.800396	-65.044853
61.92	-42.800545	-65.044910
61.70	-42.800684	-65.044962
61.52	-42.800981	-65.045077
61.42	-42.801130	-65.045137
61.16	-42.801424	-65.045248
61.56	-42.801721	-65.045362
59.80	-42.802020	-65.045479
57.92	-42.802296	-65.045587
58.10	-42.802443	-65.045643
58.03	-42.802724	-65.045750
57.89	-42.802861	-65.045804
58.10	-42.802992	-65.045853
58.82	-42.803273	-65.045961
58.90	-42.803565	-65.046070
59.15	-42.803698	-65.046120
59.36	-42.803850	-65.046179
59.18	-42.804125	-65.046288
59.40	-42.804410	-65.046401
59.76	-42.804554	-65.046459
60.05	-42.804844	-65.046571
59.98	-42.804997	-65.046632
59.47	-42.805140	-65.046688
58.07	-42.805420	-65.046802
55.73	-42.805547	-65.046855
53.39	-42.805685	-65.046914
51.34	-42.805925	-65.047020
47.81	-42.806160	-65.047139
43.34	-42.806381	-65.047237
41.33	-42.806478	-65.047267
39.24	-42.806585	-65.047282
40.50	-42.806773	-65.047238
42.62	-42.806875	-65.047170
41.65	-42.807022	-65.046975
43.74	-42.807127	-65.046723
43.45	-42.807204	-65.046432
38.59	-42.807232	-65.046311
35.14	-42.807296	-65.046087
34.56	-42.807343	-65.045991
37.62	-42.807492	-65.045873
38.81	-42.807586	-65.045879
40.75	-42.807684	-65.045902
42.41	-42.807886	-65.045974
44.10	-42.808097	-65.046056
44.60	-42.808205	-65.046097
45.79	-42.808425	-65.046181
45.40	-42.808535	-65.046221
44.86	-42.808645	-65.046260
43.60	-42.808852	-65.046333
44.75	-42.809073	-65.046416
44.53	-42.809175	-65.046455
44.35	-42.809289	-65.046498
43.96	-42.809395	-65.046536
43.99	-42.809501	-65.046576
44.14	-42.809714	-65.046658
44.64	-42.809926	-65.046742
44.96	-42.810027	-65.046781
45.25	-42.810143	-65.046825
45.47	-42.810361	-65.046906
45.58	-42.810574	-65.046988
45.76	-42.810804	-65.047076
45.86	-42.810907	-65.047115
46.40	-42.811017	-65.047157
47.30	-42.811243	-65.047245
47.70	-42.811357	-65.047290
48.85	-42.811590	-65.047384
49.39	-42.811708	-65.047433
49.50	-42.811944	-65.047531
48.28	-42.812067	-65.047586
49.32	-42.812294	-65.047707
48.64	-42.812522	-65.047808
48.71	-42.812650	-65.047833
49.07	-42.812765	-65.047841
49.97	-42.813021	-65.047846
51.55	-42.813272	-65.047865
52.45	-42.813523	-65.047896
52.88	-42.813662	-65.047918
53.60	-42.813925	-65.047968
54.22	-42.814059	-65.047999
53.57	-42.814182	-65.048031
48.38	-42.814429	-65.048104
46.37	-42.814664	-65.048178
48.35	-42.814772	-65.048214
49.90	-42.814898	-65.048259
49.90	-42.815131	-65.048358
49.00	-42.815366	-65.048479
49.79	-42.815472	-65.048543
52.27	-42.815704	-65.048689
50.08	-42.815949	-65.048832
48.35	-42.816174	-65.048958
51.41	-42.816390	-65.049101
53.60	-42.816617	-65.049282
55.84	-42.816857	-65.049486
55.08	-42.817082	-65.049708
52.92	-42.817294	-65.049912
47.48	-42.817506	-65.050103
34.99	-42.817677	-65.050255
30.74	-42.817814	-65.050375
26.93	-42.817930	-65.050478
23.80	-42.818033	-65.050577
17.46	-42.818122	-65.050646
17.32	-42.818204	-65.050632
21.35	-42.818243	-65.050586
27.86	-42.818284	-65.050517
29.99	-42.818365	-65.050351
30.28	-42.818446	-65.050171
30.38	-42.818484	-65.050092
30.74	-42.818528	-65.049999
31.10	-42.818568	-65.049917
32.00	-42.818661	-65.049735
32.33	-42.818706	-65.049654
32.58	-42.818756	-65.049565
33.19	-42.818849	-65.049379
33.48	-42.818895	-65.049284
20.20	-42.818975	-65.049139
17.96	-42.819005	-65.049085
10.01	-42.819044	-65.049002
3.89	-42.819067	-65.048955
