Velocidad (km/h)	 Latitud	Longitud
0.00	-42.753630	-65.051785
0.00	-42.753712	-65.051670
0.00	-42.753708	-65.051659
0.00	-42.753717	-65.051656
0.00	-42.753718	-65.051648
0.72	-42.753715	-65.051644
2.12	-42.753717	-65.051642
3.13	-42.753710	-65.051649
3.28	-42.753699	-65.051660
0.00	-42.753694	-65.051663
0.00	-42.753693	-65.051667
0.00	-42.753692	-65.051669
0.00	-42.753698	-65.051674
0.00	-42.753707	-65.051696
0.00	-42.753735	-65.051764
0.72	-42.753750	-65.051805
0.30	-42.753755	-65.051815
0.00	-42.753767	-65.051845
0.00	-42.753790	-65.051889
12.00	-42.753832	-65.051978
22.04	-42.753837	-65.052054
22.00	-42.753852	-65.052095
11.00	-42.753920	-65.052169
21.76	-42.754054	-65.052205
22.00	-42.754198	-65.052251
12.00	-42.754275	-65.052273
21.00	-42.754356	-65.052300
15.04	-42.754531	-65.052356
20.04	-42.754703	-65.052420
36.29	-42.754796	-65.052443
36.07	-42.754976	-65.052505
33.95	-42.755059	-65.052532
30.10	-42.755217	-65.052587
19.48	-42.755327	-65.052630
23.94	-42.755389	-65.052619
32.40	-42.755492	-65.052505
34.34	-42.755534	-65.052413
34.78	-42.755576	-65.052311
34.85	-42.755644	-65.052097
35.17	-42.755673	-65.051986
35.86	-42.755719	-65.051763
36.83	-42.755747	-65.051647
38.38	-42.755797	-65.051402
38.30	-42.755824	-65.051280
39.20	-42.755873	-65.051027
40.14	-42.755908	-65.050760
38.48	-42.755922	-65.050489
36.11	-42.755941	-65.050239
35.75	-42.755951	-65.050121
32.40	-42.755959	-65.050010
12.56	-42.755964	-65.049865
4.46	-42.755968	-65.049797
2.66	-42.755966	-65.049773
12.20	-42.755973	-65.049742
17.68	-42.755983	-65.049630
17.89	-42.755986	-65.049573
24.84	-42.755992	-65.049428
27.61	-42.756006	-65.049254
27.32	-42.756017	-65.049075
27.32	-42.756020	-65.048985
29.05	-42.756026	-65.048884
31.54	-42.756038	-65.048681
31.79	-42.756044	-65.048574
32.54	-42.756053	-65.048461
34.27	-42.756064	-65.048236
35.28	-42.756073	-65.047996
35.82	-42.756091	-65.047881
33.30	-42.756124	-65.047652
32.58	-42.756137	-65.047540
32.29	-42.756167	-65.047323
32.83	-42.756180	-65.047217
31.79	-42.756215	-65.047007
33.26	-42.756258	-65.046788
34.42	-42.756289	-65.046682
35.57	-42.756326	-65.046573
35.35	-42.756407	-65.046354
35.24	-42.756443	-65.046246
35.32	-42.756521	-65.046025
33.12	-42.756600	-65.045809
34.52	-42.756671	-65.045600
35.39	-42.756702	-65.045489
35.86	-42.756721	-65.045372
34.13	-42.756732	-65.045141
33.26	-42.756736	-65.045024
33.05	-42.756745	-65.044799
33.70	-42.756752	-65.044690
34.27	-42.756760	-65.044578
32.65	-42.756785	-65.044356
28.91	-42.756860	-65.044187
29.23	-42.756965	-65.044058
31.36	-42.757017	-65.043981
33.37	-42.757107	-65.043797
32.08	-42.757154	-65.043705
25.13	-42.757187	-65.043632
23.47	-42.757255	-65.043504
24.59	-42.757353	-65.043414
26.60	-42.757419	-65.043403
29.74	-42.757489	-65.043415
32.11	-42.757644	-65.043461
33.59	-42.757806	-65.043515
34.70	-42.757895	-65.043536
35.68	-42.758063	-65.043597
27.76	-42.758213	-65.043655
16.78	-42.758324	-65.043647
22.39	-42.758322	-65.043546
23.51	-42.758295	-65.043486
28.73	-42.758269	-65.043322
32.18	-42.758267	-65.043220
36.90	-42.758266	-65.042989
37.15	-42.758262	-65.042738
40.39	-42.758265	-65.042604
42.55	-42.758268	-65.042464
38.99	-42.758283	-65.042186
38.81	-42.758296	-65.041925
38.99	-42.758301	-65.041794
38.92	-42.758302	-65.041662
38.74	-42.758303	-65.041402
41.44	-42.758317	-65.041130
39.17	-42.758319	-65.040997
37.30	-42.758322	-65.040865
35.93	-42.758328	-65.040741
30.67	-42.758342	-65.040507
31.46	-42.758357	-65.040306
32.62	-42.758361	-65.040198
32.62	-42.758366	-65.039980
35.06	-42.758366	-65.039749
35.89	-42.758369	-65.039632
35.78	-42.758377	-65.039392
33.52	-42.758384	-65.039161
32.76	-42.758387	-65.039048
26.53	-42.758389	-65.038950
22.79	-42.758390	-65.038869
22.57	-42.758399	-65.038709
22.86	-42.758408	-65.038549
25.06	-42.758414	-65.038384
26.35	-42.758421	-65.038208
25.20	-42.758426	-65.038120
26.28	-42.758435	-65.038029
22.64	-42.758438	-65.037950
22.97	-42.758443	-65.037871
16.63	-42.758449	-65.037736
16.70	-42.758454	-65.037680
17.96	-42.758458	-65.037619
13.43	-42.758461	-65.037570
10.76	-42.758466	-65.037492
6.44	-42.758470	-65.037463
6.44	-42.758471	-65.037438
9.90	-42.758469	-65.037377
12.31	-42.758472	-65.037297
12.60	-42.758476	-65.037219
11.23	-42.758477	-65.037180
13.25	-42.758483	-65.037103
14.51	-42.758511	-65.037023
13.36	-42.758570	-65.036972
22.00	-42.758666	-65.036976
25.09	-42.758726	-65.036973
30.67	-42.758874	-65.036969
28.98	-42.758949	-65.036968
28.40	-42.759022	-65.036965
30.17	-42.759174	-65.036965
31.25	-42.759332	-65.036958
31.57	-42.759412	-65.036954
31.32	-42.759491	-65.036944
31.00	-42.759570	-65.036932
29.95	-42.759644	-65.036918
30.96	-42.759792	-65.036882
19.62	-42.759919	-65.036849
17.86	-42.759967	-65.036836
17.86	-42.760061	-65.036827
16.99	-42.760107	-65.036830
20.09	-42.760154	-65.036836
25.52	-42.760216	-65.036827
33.52	-42.760356	-65.036772
33.98	-42.760440	-65.036739
34.16	-42.760522	-65.036707
35.71	-42.760697	-65.036648
34.99	-42.760865	-65.036598
33.41	-42.760946	-65.036568
32.90	-42.761026	-65.036539
32.62	-42.761106	-65.036509
34.45	-42.761265	-65.036445
35.50	-42.761426	-65.036373
34.96	-42.761507	-65.036338
35.28	-42.761674	-65.036270
35.03	-42.761756	-65.036232
34.56	-42.761916	-65.036153
34.45	-42.761997	-65.036120
33.77	-42.762154	-65.036044
30.60	-42.762306	-65.035975
21.10	-42.762361	-65.035943
20.70	-42.762413	-65.035905
26.17	-42.762497	-65.035799
23.80	-42.762557	-65.035635
24.73	-42.762614	-65.035477
23.00	-42.762647	-65.035411
29.56	-42.762748	-65.035303
27.11	-42.762806	-65.035262
23.62	-42.762862	-65.035224
24.08	-42.762971	-65.035154
25.02	-42.763032	-65.035121
25.45	-42.763158	-65.035069
25.67	-42.763223	-65.035059
25.20	-42.763289	-65.035056
27.22	-42.763423	-65.035020
25.49	-42.763481	-65.034990
23.54	-42.763535	-65.034958
16.16	-42.763627	-65.034915
17.03	-42.763719	-65.034886
22.79	-42.763799	-65.034810
29.23	-42.763894	-65.034702
39.64	-42.764050	-65.034608
38.84	-42.764223	-65.034507
30.96	-42.764385	-65.034414
16.31	-42.764433	-65.034387
2.02	-42.764464	-65.034366
1.04	-42.764468	-65.034361
0.00	-42.764469	-65.034361
0.00	-42.764470	-65.034360
0.00	-42.764468	-65.034360
0.00	-42.764470	-65.034360
0.00	-42.764473	-65.034361
0.00	-42.764473	-65.034361
0.00	-42.764475	-65.034362
0.00	-42.764476	-65.034361
0.00	-42.764476	-65.034361
0.00	-42.764476	-65.034362
0.00	-42.764477	-65.034361
0.00	-42.764477	-65.034361
0.00	-42.764477	-65.034361
0.00	-42.764477	-65.034361
0.00	-42.764477	-65.034361
0.00	-42.764477	-65.034361
13.46	-42.764509	-65.034338
18.54	-42.764578	-65.034290
29.20	-42.764692	-65.034215
29.41	-42.764757	-65.034172
32.15	-42.764825	-65.034130
31.93	-42.764971	-65.034040
31.03	-42.765112	-65.033951
29.48	-42.765175	-65.033910
15.73	-42.765278	-65.033853
9.40	-42.765338	-65.033821
13.18	-42.765369	-65.033802
0.00	-42.765370	-65.033804
7.70	-42.765399	-65.033787
15.62	-42.765474	-65.033744
24.41	-42.765676	-65.033644
21.64	-42.765725	-65.033615
29.30	-42.765842	-65.033536
28.98	-42.765978	-65.033449
27.32	-42.766043	-65.033404
26.82	-42.766167	-65.033318
28.22	-42.766295	-65.033237
25.96	-42.766356	-65.033200
23.00	-42.766461	-65.033142
18.00	-42.766506	-65.033114
19.26	-42.766551	-65.033083
23.29	-42.766644	-65.033030
23.04	-42.766751	-65.032958
20.88	-42.766856	-65.032897
18.18	-42.766950	-65.032840
9.07	-42.767012	-65.032804
2.92	-42.767023	-65.032790
2.45	-42.767037	-65.032782
8.42	-42.767069	-65.032767
15.80	-42.767122	-65.032732
19.37	-42.767188	-65.032685
19.80	-42.767229	-65.032656
18.29	-42.767268	-65.032631
16.27	-42.767308	-65.032606
21.67	-42.767400	-65.032554
23.62	-42.767497	-65.032487
25.06	-42.767553	-65.032448
26.96	-42.767614	-65.032411
29.99	-42.767677	-65.032374
25.96	-42.767806	-65.032292
23.26	-42.767861	-65.032261
23.83	-42.767972	-65.032193
26.50	-42.768028	-65.032152
29.02	-42.768091	-65.032112
28.66	-42.768160	-65.032076
27.40	-42.768286	-65.031998
22.43	-42.768343	-65.031976
14.54	-42.768425	-65.031920
11.77	-42.768454	-65.031896
5.40	-42.768473	-65.031883
1.48	-42.768477	-65.031875
0.00	-42.768477	-65.031874
0.00	-42.768478	-65.031874
0.00	-42.768477	-65.031871
0.00	-42.768476	-65.031867
0.00	-42.768481	-65.031865
0.00	-42.768480	-65.031863
0.00	-42.768482	-65.031856
0.00	-42.768483	-65.031853
0.00	-42.768484	-65.031851
0.00	-42.768484	-65.031851
0.00	-42.768483	-65.031851
0.00	-42.768483	-65.031851
0.00	-42.768483	-65.031852
0.00	-42.768483	-65.031852
0.00	-42.768483	-65.031852
0.00	-42.768483	-65.031852
0.00	-42.768483	-65.031852
0.00	-42.768483	-65.031852
0.00	-42.768483	-65.031852
0.00	-42.768483	-65.031851
0.00	-42.768482	-65.031850
0.00	-42.768482	-65.031849
0.00	-42.768482	-65.031849
0.00	-42.768482	-65.031849
0.00	-42.768484	-65.031853
2.63	-42.768491	-65.031856
23.90	-42.768562	-65.031811
25.52	-42.768714	-65.031714
23.44	-42.768767	-65.031682
26.57	-42.768878	-65.031613
27.43	-42.768941	-65.031583
26.35	-42.769004	-65.031543
26.64	-42.769066	-65.031505
22.32	-42.769119	-65.031470
7.99	-42.769177	-65.031432
2.88	-42.769181	-65.031430
0.00	-42.769178	-65.031432
0.00	-42.769177	-65.031434
2.12	-42.769180	-65.031434
10.62	-42.769203	-65.031420
13.61	-42.769263	-65.031380
21.17	-42.769335	-65.031330
22.54	-42.769434	-65.031264
26.96	-42.769546	-65.031187
32.90	-42.769613	-65.031141
36.94	-42.769692	-65.031093
38.84	-42.769775	-65.031042
40.82	-42.769949	-65.030932
41.76	-42.770043	-65.030871
46.04	-42.770236	-65.030740
47.63	-42.770449	-65.030603
48.31	-42.770551	-65.030533
49.50	-42.770771	-65.030399
50.18	-42.770883	-65.030324
44.50	-42.771094	-65.030193
45.79	-42.771208	-65.030146
53.35	-42.771335	-65.030063
40.57	-42.771413	-65.029994
43.06	-42.771618	-65.029859
47.05	-42.771721	-65.029790
45.43	-42.771823	-65.029724
44.64	-42.771923	-65.029666
43.27	-42.772023	-65.029609
45.18	-42.772225	-65.029485
43.38	-42.772325	-65.029424
43.96	-42.772419	-65.029355
43.49	-42.772512	-65.029291
39.31	-42.772699	-65.029176
39.60	-42.772792	-65.029121
37.22	-42.772878	-65.029070
25.20	-42.773015	-65.028981
25.42	-42.773081	-65.028946
31.39	-42.773223	-65.028859
35.75	-42.773301	-65.028809
35.82	-42.773452	-65.028713
36.14	-42.773533	-65.028665
32.11	-42.773685	-65.028575
30.71	-42.773833	-65.028481
34.20	-42.773909	-65.028430
39.85	-42.774078	-65.028315
42.84	-42.774171	-65.028256
45.86	-42.774375	-65.028133
47.45	-42.774584	-65.028007
48.35	-42.774694	-65.027938
49.75	-42.774918	-65.027803
53.03	-42.775034	-65.027729
55.15	-42.775158	-65.027651
53.78	-42.775406	-65.027498
44.71	-42.775629	-65.027360
40.43	-42.775725	-65.027299
36.14	-42.775904	-65.027192
32.51	-42.776061	-65.027095
21.38	-42.776179	-65.027023
18.50	-42.776224	-65.026998
12.28	-42.776294	-65.026958
7.24	-42.776317	-65.026943
2.38	-42.776329	-65.026942
1.91	-42.776341	-65.026936
0.00	-42.776342	-65.026936
0.00	-42.776344	-65.026934
0.00	-42.776350	-65.026930
0.00	-42.776350	-65.026929
0.00	-42.776349	-65.026931
0.00	-42.776348	-65.026931
0.00	-42.776347	-65.026930
0.00	-42.776347	-65.026930
0.00	-42.776346	-65.026930
0.00	-42.776346	-65.026929
0.00	-42.776346	-65.026929
0.00	-42.776346	-65.026929
0.00	-42.776346	-65.026929
0.00	-42.776346	-65.026929
0.00	-42.776346	-65.026929
0.00	-42.776346	-65.026929
0.00	-42.776345	-65.026929
0.00	-42.776345	-65.026929
0.00	-42.776345	-65.026929
0.00	-42.776345	-65.026929
0.00	-42.776345	-65.026928
0.00	-42.776346	-65.026927
0.00	-42.776347	-65.026927
0.00	-42.776347	-65.026926
0.00	-42.776347	-65.026926
0.00	-42.776347	-65.026926
0.00	-42.776348	-65.026925
0.00	-42.776348	-65.026925
0.00	-42.776348	-65.026925
0.00	-42.776348	-65.026924
0.00	-42.776348	-65.026924
0.00	-42.776349	-65.026923
0.00	-42.776349	-65.026923
5.94	-42.776361	-65.026915
16.16	-42.776391	-65.026894
16.81	-42.776422	-65.026871
19.44	-42.776498	-65.026817
11.27	-42.776569	-65.026768
12.10	-42.776599	-65.026748
12.06	-42.776628	-65.026728
21.56	-42.776709	-65.026676
24.30	-42.776803	-65.026613
29.34	-42.776923	-65.026537
31.61	-42.776992	-65.026493
32.00	-42.777133	-65.026404
30.64	-42.777272	-65.026317
29.20	-42.777335	-65.026275
28.87	-42.777401	-65.026233
31.25	-42.777540	-65.026146
30.49	-42.777682	-65.026057
31.54	-42.777754	-65.026012
33.16	-42.777902	-65.025922
34.20	-42.777986	-65.025878
41.94	-42.778158	-65.025782
45.72	-42.778361	-65.025660
44.17	-42.778463	-65.025599
42.70	-42.778563	-65.025535
48.56	-42.778773	-65.025385
32.47	-42.778949	-65.025264
24.88	-42.779016	-65.025227
12.976	-42.779068	-65.025195
0.00	-42.779075	-65.025189
0.00	-42.779077	-65.025186
0.00	-42.779078	-65.025186
0.00	-42.779075	-65.025190
0.00	-42.779072	-65.025192
0.00	-42.779071	-65.025193
0.00	-42.779070	-65.025194
0.00	-42.779070	-65.025194
0.00	-42.779070	-65.025194
0.00	-42.779070	-65.025194
0.00	-42.779070	-65.025194
0.00	-42.779070	-65.025194
0.00	-42.779070	-65.025193
0.00	-42.779069	-65.025192
0.00	-42.779069	-65.025192
0.00	-42.779068	-65.025191
0.00	-42.779068	-65.025191
0.00	-42.779068	-65.025190
0.00	-42.779068	-65.025190
0.00	-42.779068	-65.025190
0.00	-42.779067	-65.025190
0.00	-42.779067	-65.025189
0.00	-42.779067	-65.025189
0.00	-42.779067	-65.025189
0.00	-42.779067	-65.025189
0.00	-42.779067	-65.025189
0.00	-42.779067	-65.025189
0.00	-42.779067	-65.025189
0.00	-42.779067	-65.025189
0.00	-42.779067	-65.025189
0.00	-42.779067	-65.025189
0.00	-42.779066	-65.025188
0.00	-42.779064	-65.025187
0.00	-42.779065	-65.025186
9.11	-42.779081	-65.025177
24.95	-42.779169	-65.025127
40.21	-42.779394	-65.024989
39.20	-42.779480	-65.024933
38.81	-42.779568	-65.024877
15.77	-42.779695	-65.024796
13.68	-42.779732	-65.024772
9.90	-42.779787	-65.024741
8.50	-42.779806	-65.024730
5.22	-42.779822	-65.024721
7.49	-42.779857	-65.024699
6.66	-42.779871	-65.024691
12.06	-42.779907	-65.024661
18.07	-42.779948	-65.024632
26.06	-42.780001	-65.024597
33.77	-42.780071	-65.024555
38.99	-42.780237	-65.024448
44.50	-42.780433	-65.024323
47.16	-42.780537	-65.024256
50.98	-42.780651	-65.024186
51.55	-42.780767	-65.024114
52.34	-42.781006	-65.023962
49.14	-42.781235	-65.023821
48.78	-42.781347	-65.023747
48.35	-42.781575	-65.023598
37.62	-42.781775	-65.023475
36.79	-42.781948	-65.023368
31.61	-42.782024	-65.023321
22.28	-42.782081	-65.023286
18.43	-42.782132	-65.023256
8.14	-42.782193	-65.023220
4.90	-42.782208	-65.023207
0.00	-42.782217	-65.023199
0.00	-42.782215	-65.023202
0.00	-42.782214	-65.023202
0.00	-42.782213	-65.023201
0.00	-42.782214	-65.023203
0.00	-42.782213	-65.023203
0.00	-42.782212	-65.023207
0.00	-42.782211	-65.023208
0.00	-42.782210	-65.023208
0.00	-42.782208	-65.023210
0.00	-42.782208	-65.023210
0.00	-42.782208	-65.023210
0.00	-42.782208	-65.023210
0.00	-42.782208	-65.023210
0.00	-42.782208	-65.023210
0.00	-42.782208	-65.023210
0.00	-42.782208	-65.023210
0.00	-42.782208	-65.023210
0.00	-42.782208	-65.023210
0.00	-42.782208	-65.023210
0.00	-42.782208	-65.023210
0.00	-42.782207	-65.023210
0.00	-42.782207	-65.023210
0.00	-42.782207	-65.023210
0.00	-42.782207	-65.023210
0.00	-42.782207	-65.023210
0.00	-42.782207	-65.023210
0.00	-42.782207	-65.023210
0.00	-42.782207	-65.023210
0.00	-42.782207	-65.023210
17.35	-42.782242	-65.023188
24.19	-42.782332	-65.023124
35.60	-42.782476	-65.023027
34.85	-42.782553	-65.022978
35.50	-42.782635	-65.022924
33.59	-42.782712	-65.022869
36.36	-42.782794	-65.022812
40.64	-42.782969	-65.022702
36.83	-42.783140	-65.022596
34.67	-42.783221	-65.022545
33.80	-42.783299	-65.022494
31.90	-42.783373	-65.022444
34.85	-42.783533	-65.022346
34.27	-42.783608	-65.022299
39.64	-42.783780	-65.022188
40.57	-42.783960	-65.022076
41.11	-42.784050	-65.022016
38.88	-42.784231	-65.021905
37.91	-42.784316	-65.021846
36.65	-42.784482	-65.021739
37.62	-42.784567	-65.021679
37.51	-42.784653	-65.021625
35.60	-42.784821	-65.021519
36.36	-42.784988	-65.021413
36.76	-42.785072	-65.021360
35.78	-42.785154	-65.021307
34.06	-42.785310	-65.021207
33.01	-42.785466	-65.021111
24.66	-42.785525	-65.021075
14.26	-42.785563	-65.021048
14.44	-42.785598	-65.021024
2.52	-42.785638	-65.020995
0.00	-42.785640	-65.020995
0.00	-42.785641	-65.020995
0.00	-42.785641	-65.020995
0.00	-42.785640	-65.020999
0.00	-42.785640	-65.020998
0.00	-42.785640	-65.020999
0.00	-42.785639	-65.021000
0.00	-42.785637	-65.021004
0.00	-42.785637	-65.021004
0.00	-42.785637	-65.021004
0.00	-42.785637	-65.021005
0.00	-42.785637	-65.021005
0.00	-42.785637	-65.021005
0.65	-42.785639	-65.021005
9.04	-42.785656	-65.020993
0.00	-42.785665	-65.020991
0.00	-42.785667	-65.020993
0.00	-42.785668	-65.020994
0.00	-42.785669	-65.020995
0.00	-42.785669	-65.020995
0.00	-42.785669	-65.020995
0.00	-42.785669	-65.020994
0.00	-42.785669	-65.020994
0.00	-42.785668	-65.020993
0.00	-42.785668	-65.020993
0.00	-42.785667	-65.020993
0.00	-42.785667	-65.020992
0.00	-42.785667	-65.020992
0.00	-42.785667	-65.020992
0.00	-42.785666	-65.020992
0.00	-42.785666	-65.020992
0.00	-42.785666	-65.020992
0.00	-42.785666	-65.020992
13.72	-42.785685	-65.020980
23.58	-42.785773	-65.020909
28.69	-42.785813	-65.020842
39.02	-42.785822	-65.020728
49.18	-42.785758	-65.020464
36.83	-42.785676	-65.020220
28.76	-42.785646	-65.020124
28.12	-42.785618	-65.020033
37.80	-42.785503	-65.019723
40.18	-42.785423	-65.019489
40.93	-42.785385	-65.019362
40.10	-42.785344	-65.019238
44.53	-42.785257	-65.018971
44.96	-42.785211	-65.018834
41.08	-42.785131	-65.018575
42.37	-42.785081	-65.018448
49.68	-42.784978	-65.018156
51.62	-42.784885	-65.017832
46.73	-42.784840	-65.017681
34.09	-42.784796	-65.017565
31.68	-42.784747	-65.017456
40.54	-42.784672	-65.017218
46.62	-42.784583	-65.016947
50.69	-42.784487	-65.016647
51.41	-42.784436	-65.016488
50.72	-42.784384	-65.016332
51.59	-42.784281	-65.016010
50.15	-42.784180	-65.015705
50.47	-42.784126	-65.015549
49.54	-42.784024	-65.015242
49.18	-42.783924	-65.014945
49.72	-42.783875	-65.014797
49.32	-42.783822	-65.014645
47.81	-42.783771	-65.014496
46.51	-42.783727	-65.014344
44.50	-42.783638	-65.014050
42.19	-42.783537	-65.013792
27.36	-42.783491	-65.013710
10.84	-42.783468	-65.013663
0.86	-42.783450	-65.013647
5.00	-42.783430	-65.013639
3.64	-42.783415	-65.013614
3.89	-42.783403	-65.013594
9.22	-42.783389	-65.013581
21.17	-42.783358	-65.013479
26.32	-42.783366	-65.013402
23.18	-42.783401	-65.013252
26.60	-42.783445	-65.013079
39.10	-42.783497	-65.012856
42.41	-42.783532	-65.012728
46.19	-42.783570	-65.012588
48.10	-42.783614	-65.012440
53.86	-42.783705	-65.012110
55.80	-42.783804	-65.011762
50.44	-42.783902	-65.011428
44.24	-42.783990	-65.011134
37.40	-42.784029	-65.011005
33.80	-42.784106	-65.010770
29.45	-42.784149	-65.010685
27.72	-42.784190	-65.010609
20.88	-42.784242	-65.010471
27.04	-42.784265	-65.010307
30.60	-42.784289	-65.010212
36.25	-42.784344	-65.009998
38.95	-42.784375	-65.009875
39.17	-42.784446	-65.009624
37.04	-42.784480	-65.009505
26.03	-42.784560	-65.009318
26.28	-42.784611	-65.009257
33.26	-42.784705	-65.009117
35.57	-42.784752	-65.009017
36.61	-42.784821	-65.008786
39.85	-42.784852	-65.008662
42.70	-42.784883	-65.008527
44.82	-42.784943	-65.008246
45.54	-42.784969	-65.008104
46.15	-42.785017	-65.007806
46.66	-42.785041	-65.007648
45.79	-42.785091	-65.007347
46.08	-42.785141	-65.007040
45.61	-42.785170	-65.006888
42.52	-42.785220	-65.006593
39.85	-42.785270	-65.006332
38.77	-42.785300	-65.006207
35.93	-42.785363	-65.005963
18.83	-42.785412	-65.005796
14.76	-42.785414	-65.005732
15.19	-42.785387	-65.005707
2.30	-42.785379	-65.005690
0.00	-42.785376	-65.005688
0.00	-42.785376	-65.005687
0.00	-42.785375	-65.005686
0.00	-42.785374	-65.005688
0.00	-42.785375	-65.005688

